> summary(muestra_A)
   Min. 1st Qu.  Median    Mean 3rd Qu.    Max. 
  0.000   3.000   4.000   3.993   5.000   8.000 
> summary(muestra_B)
   Min. 1st Qu.  Median    Mean 3rd Qu.    Max. 
  0.000   3.000   4.000   3.971   5.000  12.000 

print(muestra_A)
   [1] 3 5 4 6 6 2 4 6 4 4 6 4 5 4 2 6 3 2 3 6 6 5 5 7 5 5 4 4 3 3 6 6 5 5 1 4
  [37] 5 3 3 3 2 4 4 4 3 2 3 4 3 6 2 4 5 2 4 3 2 5 6 4 5 2 4 3 5 4 5 5 5 4 5 4
  [73] 5 0 4 3 4 4 3 2 3 5 4 5 2 4 7 6 6 3 2 5 3 5 3 3 5 2 4 4 4 3 4 6 4 6 6 4
 [109] 4 3 6 3 2 6 5 2 4 6 4 4 5 3 3 3 4 7 3 2 2 5 4 6 5 5 4 5 5 5 7 4 3 4 1 3
 [145] 5 3 3 2 3 5 5 4 4 3 2 4 4 3 4 3 4 3 5 4 3 4 5 3 4 3 4 3 6 5 5 4 4 4 6 4
 [181] 5 3 5 3 4 4 3 4 6 6 3 3 7 4 6 4 4 5 3 4 3 6 4 4 4 6 4 3 3 3 4 3 3 5 2 5
 [217] 3 4 5 6 3 6 5 5 2 4 4 4 5 6 4 4 4 2 3 4 3 5 3 5 4 5 3 4 3 5 4 7 7 5 3 3
 [253] 4 3 4 5 3 4 4 6 6 6 5 6 4 4 3 3 1 4 6 1 2 3 5 5 7 4 2 5 5 2 4 3 2 4 2 3
 [289] 2 5 3 2 2 6 5 5 7 2 2 5 5 1 5 5 4 4 3 1 4 4 4 4 5 2 3 5 5 3 3 6 5 3 3 5
 [325] 2 1 8 1 3 6 4 3 5 5 3 4 5 5 5 7 4 2 4 3 4 4 7 4 3 4 2 7 4 3 4 7 5 4 3 5
 [361] 2 3 6 3 4 5 3 1 4 4 4 3 6 4 4 6 5 3 3 7 4 5 4 5 4 6 3 3 2 3 7 3 5 5 2 3
 [397] 3 2 2 7 7 2 6 4 4 4 5 2 3 5 3 5 3 4 3 3 6 3 4 1 4 5 4 3 6 4 3 4 3 6 6 4
 [433] 3 8 3 4 2 4 2 3 3 4 5 3 6 5 5 3 3 5 4 3 3 2 3 6 5 5 3 2 7 4 4 3 4 3 3 5
 [469] 3 5 2 5 4 5 5 4 4 0 3 5 3 5 3 5 6 2 2 5 4 5 7 2 4 5 2 7 3 2 5 5 3 4 3 2
 [505] 4 3 4 4 6 3 4 2 6 4 5 3 4 5 2 5 3 4 3 2 4 5 6 1 7 3 6 5 4 5 2 5 3 5 4 3
 [541] 5 2 5 3 5 6 2 5 5 4 3 3 4 6 4 4 5 4 4 1 2 6 5 3 5 5 4 5 4 6 4 6 4 4 6 5
 [577] 4 1 4 4 6 5 5 4 6 3 3 5 7 4 4 2 7 2 2 6 4 3 6 1 3 5 3 3 3 5 3 5 3 4 4 2
 [613] 1 7 4 5 6 5 7 2 6 6 5 4 2 4 3 5 3 3 5 5 4 5 2 3 6 5 5 4 4 5 6 4 2 4 5 2
 [649] 3 4 5 6 4 4 5 6 6 2 4 3 5 5 2 5 3 2 6 3 5 3 1 4 2 3 4 4 5 3 4 4 5 5 5 6
 [685] 6 4 4 3 4 3 2 4 4 2 3 4 3 2 4 3 5 3 1 6 3 4 4 4 3 4 4 4 5 5 4 4 1 0 7 2
 [721] 4 5 5 6 4 5 5 4 5 1 4 6 5 6 3 3 5 7 3 0 7 3 2 4 3 4 5 2 5 6 3 3 3 2 4 4
 [757] 4 6 2 3 4 3 4 4 4 2 3 4 5 5 6 5 5 5 2 3 3 4 4 5 3 5 1 5 5 4 3 1 3 6 6 4
 [793] 3 4 5 4 2 3 3 3 4 4 2 2 3 7 4 4 5 5 2 5 3 6 5 2 3 2 4 4 5 3 4 7 5 2 4 2
 [829] 3 5 1 5 4 5 5 4 5 5 3 2 6 5 4 2 4 3 6 1 3 2 3 5 7 5 4 4 6 2 2 6 4 2 5 4
 [865] 4 3 3 2 4 4 2 3 5 4 6 5 1 5 6 4 2 6 5 3 5 6 4 3 3 3 4 5 5 4 5 5 1 4 2 5
 [901] 6 4 5 4 5 4 5 6 5 2 0 2 6 4 3 6 4 4 4 3 5 2 4 6 5 5 3 4 2 5 6 3 5 4 6 3
 [937] 4 6 6 1 7 4 4 4 2 3 4 3 4 3 4 3 6 2 4 6 5 2 4 4 4 4 4 2 6 4 4 2 5 4 5 2
 [973] 5 3 3 5 6 1 3 4 4 5 6 4 6 5 2 3 3 4 2 3 4 4 4 5 5 4 5 2
> print(muestra_B)
   [1]  3  4  2  6  6  4  5  3  1  4  4  3  2  4  1  5  4  5  4  3  4  6  4  3
  [25]  6  3  4  4  3  4  2  4  4  2  4  4  2  4  3  4  6  5  4  4  3  1  3  0
  [49]  6 10  5  6  7  4  4  3  5  3  3  5  5  2  3  3  1  5  4  2  8  4  6  6
  [73]  6  6  5  5  3  1  3  3  3  2  3  3  5  3  2  1  6  4  6  1  2  2  5  5
  [97] 10  4  3  2  6  5  2  5  6  4  4  7  8  5  1  6  4  3  3  3  3  7  3  4
 [121]  2  2  5  3  2  1  7  4  2  4  4  6  5  4  5  5  3  3  4  3  6  3  1  8
 [145]  2  3  4  4  3  2  7  4  5  7  4  3  1  6  4  2  3  2  4  3  2  1  5  3
 [169]  2  8  3  3  5  7  2  4  5  3  2  5  0  2  5  6  6  2  3  6  5  4  2  4
 [193]  4  5  1  2  6  2  8  3  6  6  4  5  4  9  1  2  6  4  3 11  3  4  1  6
 [217]  3  6  2  7  3  4  2  6  8  1  4  2  6  4  0  3  3  4  3  1  2  5  7  3
 [241]  1  3  4  4  6  3  4  1  2  5  6  4  4  0  2  6  1  3  9  4  3  4  1  2
 [265]  5  1  4  7  1  8  1  5  4  4  6  4  5  4  3  3  2  6  4  5  4  3  5  4
 [289]  3  4  6  4  2  6  3  3  5  5  6  4  1  4  4  6  5  4  1  2  5  2  2  3
 [313]  6  2  5  2  5  3  4  1  6  3  7  3  8  3  4  4  0  5  4  3  4  4  4  2
 [337]  5  5  6  4  3  4  3  3  5  8  3  5  4  4  1  0  2  1  2  4  2  6  3  4
 [361]  5  2  6  4  2  3  2  4  2  2  3  2  3  4  5  6  3  8  1  4  4  3  6  1
 [385]  6  2  2  6  1  2 10  5  4  3  4  6  5  4  1  2  2  2  1  4  3  5  4  7
 [409]  1  7  5  7  4  2  2  5  4  3  5  3  6  4  3  7  4  2  4  9  7  4  6  3
 [433]  6  6  3  3  5  6  5  4  2  4  1  4  5  5  1  4  4  3  4  5  5  2  4  6
 [457]  2  5  6  2  8  5  6  2  1  6  7  2  4  4  5  1  5  3  4  5  4 12  6  6
 [481]  5  2  6  6  9  1  5  3  4  6  0  0 10  5  3  6  9  2  5  4  7  9  4  2
 [505]  5  4  4  4  3  4  4  8  6  2  3  3  1  3  3  2  5  0  5  3  5  0  1  3
 [529]  5  2  6  5  7  3  3  3  3  2  7  4  1  5  3  4  5  3  1  3  4  8  8  1
 [553]  4  3  3  3  5  3  3  9  6  3  6  2  4  2  2  7  2  6  3  1  6  3  1  5
 [577]  1  4  3  4  5  1  2  2  6  4  5  3  3  3  6  6  5  4  3  1  4  2  5  3
 [601]  5  2  3  6  6  1  6  2  4  4  4  5  4  9  9  3  4  3  4  2  0  1  1  5
 [625]  4  6  4  2  4  7  6  4  3  5  6  7  2  3  2  6  2  6  5  7  4  7  6  6
 [649]  3  2  3  5  3  3  1  4  2  6  1  5  6  1  3  5  5  3  7  3  3  3  4  4
 [673]  1  5  2  5  4  5  4  3  2  4 10  3  3  1  4  4  5  8  4  1  3  6  6  6
 [697]  7  5  4  2  5  1  4  7  6  5  2  4  9  4  3  1  1  6  3  7  4  4  7  2
 [721]  6  3  4  3  1  5  2  5  4  2 10  4  1  7  6  4  3  6  8  6  2  8  4  0
 [745]  2  0  6  5  7  3  8  6  6  4  8  4  7  3  4  7  5  0  2  4  3 10  6  3
 [769]  5  7  5  5  2  4  3  4  2  3  5  4  2  3  5  4  2  1  8  3  5  6  3  1
 [793]  4  6  3  3  5  8  4  4  2  6  2  5  4  1  8  4  6  4  3  4  6  5  4  4
 [817]  4  4  4  0 10  3  2  6  4  6  1  6  5  5  6  4  7  2  1  3  5  3  7  5
 [841]  3  4  3  5  4  0  5  2  5  3  7  6  4  1  4  4 10  3  5  7  4  5  1  6
 [865]  4  2  3  6  4  5  3  6  3  3  2  7  3  2  7  3  6  2  3  3  1  5  2  3
 [889]  3  4  4  9  3  5  8  4  3  6  2  4  4  3  2  6  4  4  4  5  5  4  1  4
 [913]  4  4  4  1  1  5  6  2  5  4  9  4  4  3  4  1  4  8  4  4  1  1  1  2
 [937]  4  6  3  5  4  3  0  5  1  6  2  5  6  3  2  5  2  3  4  4  3  5  4  2
 [961]  9  3  2  2  3  3  3  1  7  4  2  6  4  4  5  5  2  3  8  2  5  4  2  2
 [985]  5  2  3  4  4  3  4  2  6  2  1  7  3  5  3  4